#GSAS-II instrument parameter file; do not add/delete items!
Type:PXC
Lam1:1.540593
Lam2:1.544414
I(L2)/I(L1):0.5000
Zero:-0.02789
Polariz.:0.5
U:-4.5748
V:0.0000
W:7.2684
X:0.0000
Y:0.0000
Z:0.0
SH/L:0.02095
Azimuth:0.0
